0,4.38514
1,3.96737
2,3.42133
3,4.005
4,3.70899
5,2.39631
6,3.62862
7,3.45956
8,3.85519
9,2.79996
10,3.48197
11,3.37227
12,3.44107
13,3.4084
14,2.90134
15,3.79205
16,3.64458
17,2.91843
18,3.27355
19,3.42896
20,3.77707
21,3.49745
22,2.98345
23,4.16272
24,4.07888
25,3.92212
26,3.71758
27,3.44834
28,3.89026
29,3.51908
30,3.23868
31,3.78457
32,3.11943
33,3.43381
34,3.78855
35,3.73949
36,3.93306
37,3.05498
38,3.74081
39,3.69616
40,3.45165
41,3.7479
42,2.79946
43,3.78385
44,2.58418
45,3.55097
46,3.2521
47,3.49936
48,3.83312
49,3.66421
50,3.2377
51,3.94882
52,3.21215
53,3.40084
54,3.0174
55,4.129
56,2.94366
57,4.05472
58,3.04429
59,3.57822
60,3.67232
61,3.72853
62,3.52165
63,3.36057
64,2.90441
65,3.51026
66,4.32936
67,4.10613
68,3.45923
69,3.5247
70,3.9507
71,3.33993
72,3.92286
73,3.63776
74,4.3325
75,3.72985
76,2.96098
77,3.87087
78,2.21595
79,3.68358
80,2.97476
81,3.61886
82,3.63282
83,2.80601
84,4.33859
85,3.50698
86,3.05811
87,3.13218
88,2.66377
89,3.69171
90,2.85532
91,3.51703
92,3.52583
93,3.6591
94,3.93286
95,2.81826
96,2.58911
97,2.97198
98,3.5484
99,3.92773
100,3.54644
101,4.08403
102,3.65577
103,3.48534
104,4.23515
105,2.8661
106,3.49854
107,3.65142
108,3.73575
109,2.9263
110,3.09091
111,3.38109
112,3.27091
113,3.27925
114,3.69893
115,2.85884
116,3.87807
117,3.22782
118,3.28203
119,3.05469
120,2.96789
121,4.27491
122,3.15544
123,3.70948
124,3.61642
125,2.91046
126,2.38941
127,4.2657
128,3.71712
129,3.31294
130,3.30221
131,3.74051
132,3.43729
133,4.19047
134,3.56461
135,3.6139
136,4.05231
137,3.15987
138,3.50843
139,4.28263
140,3.17069
141,3.55869
142,2.7496
143,3.80042
144,3.72064
145,2.87621
146,3.03893
147,4.25287
148,3.9536
149,3.24703
150,3.12512
151,3.50252
152,3.15415
153,2.14945
154,2.53336
155,3.64865
156,3.98029
157,1.88933
158,3.94817
159,4.07544
160,4.26029
161,2.21459
162,3.75491
163,2.97155
164,3.1283
165,3.63754
166,3.58989
167,4.2331
168,3.56667
169,3.87313
170,3.65748
171,4.04714
172,3.44539
173,3.84934
174,3.44745
175,3.9221
176,4.26922
177,3.815
178,3.45233
179,4.17675
180,2.86008
181,3.45837
182,3.5886
183,4.10241
184,3.05811
185,2.78792
186,3.7531
187,3.8265
188,3.6354
189,3.1277
190,3.70323
191,3.17992
192,3.34072
193,3.40212
194,3.81203
195,2.76568
196,3.6218
197,3.89042
198,2.98658
199,3.6408
200,3.92024
201,3.62251
202,3.02474
203,2.76412
204,3.20344
205,3.43494
206,2.74482
207,3.84465
208,3.12594
209,3.36019
210,2.94531
211,3.49916
212,2.7938
213,3.11446
214,3.11401
215,3.35372
216,3.46728
217,2.87018
218,2.75724
219,3.32651
220,3.38693
221,3.15719
222,3.37903
223,3.67205
224,3.48204
225,3.58854
226,3.35627
227,3.89793
228,4.07711
229,2.58259
230,3.31444
231,2.73037
232,2.43945
233,4.1046
234,3.66952
235,3.75841
236,3.89632
237,3.6658
238,3.66804
239,3.21806
240,3.71015
241,3.68767
242,2.7006
243,3.54476
244,2.89953
245,3.68755
246,3.18882
247,3.32534
248,3.62588
249,3.16347
250,3.06709
251,3.0753
252,3.34463
253,2.57447
254,4.08026
255,3.38824
256,3.1819
257,2.91229
258,3.45571
259,3.70385
260,3.98461
261,3.97579
262,3.66751
263,3.59511
264,3.91689
265,3.46713
266,4.22631
267,3.5426
268,3.66016
269,3.20995
270,3.09493
271,3.74689
272,3.0131
273,3.66596
274,4.12222
275,3.76971
276,3.78232
277,3.68655
278,3.98443
279,2.53842
280,3.49953
281,3.51269
282,3.9545
283,3.68778
284,3.79793
285,3.1503
286,3.40606
287,3.17077
288,4.14415
289,3.83002
290,3.80812
291,2.61243
292,4.03519
293,2.75055
294,3.14689
295,3.02372
296,3.3418
297,4.02589
298,4.34726
299,2.56856
300,3.75436
301,3.51593
302,2.64411
303,3.15515
304,3.69774
305,3.8423
306,4.07358
307,3.04937
308,3.51021
309,4.1008
310,3.82923
311,3.55344
312,3.31109
313,2.97578
314,3.61747
315,3.28967
316,3.11055
317,3.35089
318,3.59757
319,4.03819
320,3.79263
321,3.82888
322,3.75151
323,3.29291
324,4.03219
325,3.06712
326,3.68361
327,3.47371
328,3.22059
329,3.79857
330,4.13654
331,3.5947
332,3.54496
333,4.16317
334,3.8529
335,3.23356
336,3.67524
337,4.04661
338,3.36554
339,3.59064
340,3.10039
341,3.35319
342,3.16183
343,2.44878
344,3.90266
345,3.93695
346,4.06978
347,2.78564
348,3.19508
349,3.06571
350,3.46672
351,3.09488
352,3.71187
353,3.58995
354,3.30771
355,3.34329
356,3.79651
357,3.9292
358,3.65846
359,3.32743
360,3.6433
361,3.30621
362,2.23357
363,3.57219
364,3.89779
365,2.81257
366,4.17277
367,3.98175
368,3.39782
369,4.01474
370,3.40576
371,3.13038
372,3.57031
373,3.27883
374,3.60889
375,3.44737
376,3.66093
377,3.78509
378,4.01582
379,3.40293
380,4.21966
381,3.34112
382,3.05548
383,3.5953
384,2.39897
385,3.51729
386,3.92605
387,3.77077
388,3.82874
389,3.48276
390,3.73099
391,3.91153
392,3.44374
393,4.19429
394,3.84075
395,3.34312
396,3.64273
397,3.32255
398,2.6757
399,3.81079
400,3.27037
401,3.45705
402,3.44899
403,2.70515
404,4.20801
405,3.22732
406,3.77437
407,3.82476
408,2.56916
409,2.92194
410,2.88248
411,3.33401
412,4.21348
413,3.22559
414,4.07342
415,3.58838
416,3.6587
417,3.14985
418,4.1875
419,3.33447
420,3.11107
421,4.17091
422,3.23752
423,3.83708
424,3.20772
425,3.90819
426,3.37714
427,3.68806
428,3.81558
429,3.28987
430,3.06108
431,3.78687
432,3.78562
433,3.4957
434,3.8139
435,4.314
436,3.33499
437,3.74406
438,3.46859
439,3.08358
440,3.78954
441,4.09695
442,4.00326
443,4.21283
444,3.50671
445,2.95466
446,3.79466
447,3.29393
448,2.86846
449,3.99904
450,4.1289
451,4.45571
452,3.99846
453,3.65429
454,3.24295
455,3.31395
456,3.59022
457,4.24397
458,3.58666
459,3.80763
460,3.91926
461,4.26405
462,3.27806
463,3.88966
464,2.74925
465,3.50923
466,4.12325
467,1.93867
468,3.33328
469,1.88344
470,3.82608
471,3.65123
472,4.23706
473,4.19235
474,4.02003
475,2.27984
476,3.6722
477,3.17287
478,3.17112
479,3.17918
480,3.83501
481,3.7231
482,3.81297
483,3.09374
484,4.08937
485,4.14821
486,2.99841
487,3.93657
488,4.00006
489,3.73761
490,3.79532
491,2.8276
492,3.82571
493,4.17789
494,2.74748
495,4.33543
496,3.45133
497,3.97462
498,3.30243
499,2.83834
500,2.97208
501,3.29613
502,2.45249
503,4.1258
504,3.22192
505,4.10234
506,4.09975
507,3.86982
508,3.6353
509,3.65715
510,3.34651
511,3.01569
512,4.00724
513,3.64042
514,3.80544
515,3.6844
516,3.58435
517,3.04832
518,3.98847
519,3.4336
520,3.68275
521,3.26622
522,3.32688
523,3.74686
524,4.21989
525,3.49703
526,4.14632
527,3.29805
528,3.26677
529,3.41993
530,2.68498
531,4.00207
532,3.09338
533,4.09535
534,2.39122
535,3.40332
536,3.43536
537,3.93343
538,2.47676
539,3.77615
540,3.62828
541,3.41361
542,3.43481
543,3.25893
544,3.96223
545,2.88013
546,3.35413
547,2.83098
548,3.87759
549,2.50235
550,3.22174
551,3.67556
552,3.38683
553,3.55914
554,3.19358
555,3.75272
556,3.55746
557,3.14613
558,3.32853
559,3.66464
560,4.10876
561,3.83273
562,3.27645
563,3.73611
564,4.13375
565,3.85934
566,3.7392
567,3.52531
568,3.89066
569,3.29405
570,3.636
571,3.90683
572,2.93742
573,3.51796
574,3.42195
575,3.5712
576,3.93356
577,3.52261
578,4.39782
579,3.67233
580,2.64631
581,4.01017
582,3.61802
583,3.43268
584,3.64197
585,3.79161
586,3.15574
587,3.31748
588,4.0022
589,3.8343
590,1.7758
591,2.69119
592,3.96039
593,3.50069
594,3.11793
595,3.64592
596,3.58727
597,3.89575
598,3.65683
599,4.00559
600,3.79551
601,3.52642
602,4.04748
603,2.53351
604,3.41282
605,3.52244
606,3.44807
607,3.88475
608,2.81259
609,3.94304
610,3.41643
611,3.51926
612,3.91031
613,3.13855
614,3.03365
615,3.00437
616,3.54871
617,2.96931
618,3.61539
619,3.83557
620,3.66418
621,4.0475
622,3.16474
623,3.76098
624,3.32482
625,3.77528
626,2.52427
627,3.3945
628,2.63257
629,3.53239
630,3.82004
631,4.29199
632,3.4044
633,3.59012
634,3.40246
635,3.42823
636,3.87616
637,3.21444
638,3.57072
639,3.75049
640,3.1317
641,3.12694
642,3.65875
643,4.04634
644,3.5759
645,3.49938
646,3.26281
647,3.15646
648,2.62339
649,3.74665
650,3.84136
651,3.24915
652,3.27307
653,3.59227
654,3.66107
655,2.83193
656,3.6023
657,3.70292
658,2.96375
659,3.57302
660,3.42826
661,2.80919
662,3.63207
663,3.39503
664,3.87946
665,3.82597
666,3.72382
667,3.57373
668,3.36151
669,4.07047
670,3.34572
671,3.59784
672,3.60825
673,3.72903
674,4.05796
675,3.46294
676,3.11295
677,3.15558
678,3.68499
679,3.19576
680,3.50538
681,3.83065
682,2.36888
683,3.83395
684,3.38301
685,4.0837
686,4.03044
687,3.27093
688,3.72958
689,2.55477
690,4.00095
691,3.79274
692,3.81733
693,4.07451
694,3.00554
695,3.16868
696,4.1726
697,3.20489
698,3.43781
699,3.98315
700,3.93293
701,3.45304
702,3.84868
703,3.08903
704,2.44264
705,4.03328
706,3.84679
707,3.32664
708,2.83539
709,3.317
710,3.41641
711,3.85493
712,3.61203
713,3.74802
714,2.98424
715,2.52498
716,2.99114
717,3.79011
718,3.77167
719,3.39573
720,3.71665
721,3.57259
722,3.82396
723,3.05144
724,4.08492
725,4.03261
726,3.43948
727,3.92519
728,3.81619
729,3.64608
730,3.56401
731,3.70877
732,3.83625
733,3.49843
734,3.21492
735,2.83662
736,3.51801
737,2.75488
738,3.84863
739,3.46383
740,3.5076
741,3.01842
742,3.23976
743,3.59537
744,4.2866
745,4.03418
746,3.92964
747,3.11657
748,3.8343
749,4.01056
750,3.66859
751,3.2624
752,3.82963
753,3.03457
754,3.39642
755,2.53354
756,3.17458
757,3.83295
758,3.49541
759,3.2794
760,3.59463
761,3.68596
762,3.83874
763,3.34348
764,3.27496
765,3.16198
766,3.35532
767,3.85783
768,3.64803
769,3.52656
770,3.85329
771,3.88524
772,3.7923
773,3.51219
774,4.30489
775,2.96362
776,3.50328
777,2.08521
778,4.08048
779,3.66223
780,3.32957
781,3.30099
782,3.71506
783,3.49435
784,3.71652
785,3.28292
786,3.08962
787,2.29509
788,4.1401
789,4.16403
790,3.73989
791,3.05278
792,3.23501
793,3.91583
794,3.70686
795,3.90708
796,2.83932
797,3.15039
798,3.52099
799,3.51381
800,3.35538
801,3.37946
802,3.31263
803,3.58146
804,2.95492
805,2.94423
806,4.02448
807,3.64463
808,2.94712
809,3.63085
810,4.2489
811,3.23532
812,4.06921
813,3.76207
814,2.7413
815,4.19822
816,3.77766
817,3.89703
818,3.86697
819,4.16021
820,3.13055
821,3.85919
822,3.84977
823,3.97855
824,2.26534
825,3.65877
826,3.85432
827,3.01428
828,4.12415
829,3.09651
830,4.22724
831,2.86957
832,3.45243
833,3.78375
834,2.92129
835,3.24216
836,3.02939
837,4.32373
838,3.86561
839,1.95296
840,3.7783
841,4.18358
842,3.74571
843,3.53658
844,3.71346
845,3.95688
846,3.89169
847,3.43062
848,3.95774
849,3.78262
850,3.57561
851,3.12328
852,3.90971
853,4.11875
854,3.07434
855,3.34558
856,3.62055
857,2.7563
858,2.87005
859,2.85533
860,3.72341
861,3.91381
862,2.70085
863,3.35052
864,3.17842
865,2.28691
866,1.8273
867,3.6343
868,3.49908
869,3.34445
870,4.05066
871,3.01997
872,3.21938
873,3.75262
874,3.86223
875,3.51532
876,3.86031
877,3.46972
878,2.78019
879,3.08165
880,3.07063
881,3.40888
882,3.26949
883,3.51087
884,2.82212
885,3.70382
886,3.48175
887,3.53029
888,2.75014
889,2.57934
890,3.47723
891,3.72679
892,2.49429
893,3.43968
894,3.04977
895,4.15917
896,2.81603
897,4.0465
898,3.11898
899,3.45023
900,3.41626
901,3.64379
902,2.51044
903,3.74598
904,3.34244
905,3.82606
906,3.02651
907,4.28985
908,3.06173
909,3.77757
910,3.8259
911,3.53768
912,4.37718
913,3.51901
914,3.82733
915,3.99984
916,3.89492
917,3.95381
918,3.94672
919,3.79964
920,3.34747
921,3.67738
922,3.95547
923,2.91784
924,3.94831
925,4.25298
926,3.64313
927,3.29241
928,3.58817
929,4.15579
930,2.45042
931,2.52672
932,4.10231
933,4.16563
934,3.65633
935,3.7785
936,4.11325
937,3.34351
938,3.24547
939,3.91721
940,3.55404
941,3.60705
942,3.11367
943,4.38584
944,3.59405
945,2.68665
946,2.78449
947,4.17955
948,3.43721
949,3.62722
950,3.70656
951,3.90208
952,3.87554
953,3.88875
954,2.81266
955,3.81997
956,4.01207
957,3.3563
958,3.95755
959,3.55156
960,3.50674
961,3.51462
962,3.73673
963,3.43245
964,3.36775
965,3.96517
966,3.67329
967,3.78696
968,3.57968
969,4.03406
970,3.19003
971,4.00338
972,3.45305
973,3.05881
974,3.09846
975,3.47309
976,3.67544
977,2.56372
978,3.89625
979,3.87573
980,4.19211
981,3.73082
982,3.13917
983,3.54525
984,4.02393
985,2.47181
986,3.50906
987,3.37911
988,3.90376
989,3.32749
990,3.59995
991,2.4773
992,3.18632
993,3.96595
994,4.05857
995,3.34846
996,3.10291
997,3.62749
998,3.3809
999,4.00495
1000,3.97717
1001,3.54604
1002,3.22613
1003,4.07693
1004,4.02151
1005,4.20385
1006,3.72858
1007,3.35023
1008,2.2693
1009,3.44706
1010,3.13284
1011,4.11495
1012,3.43027
1013,3.22193
1014,4.0011
1015,3.98162
1016,3.25179
1017,3.82417
1018,3.92622
1019,3.11245
1020,2.89702
1021,3.63559
1022,2.92292
1023,3.2189
1024,2.68872
1025,3.80326
1026,3.29382
1027,4.09677
1028,3.48733
1029,3.50571
1030,3.56618
1031,2.83299
1032,4.18475
1033,3.46283
1034,3.26662
1035,3.95938
1036,3.36323
1037,3.0772
1038,3.28596
1039,3.23961
1040,3.53001
1041,2.7274
1042,2.2571
1043,2.7547
1044,2.95606
1045,3.36352
1046,3.83339
1047,3.22412
1048,3.82468
1049,2.73575
1050,4.38073
1051,3.42393
1052,3.50392
1053,4.25618
1054,3.00773
1055,3.86718
1056,3.36632
1057,3.6417
1058,3.08022
1059,3.87937
1060,4.05302
1061,3.95148
1062,3.31115
1063,3.13627
1064,3.45938
1065,3.69791
1066,3.79157
1067,2.75954
1068,3.6843
1069,4.15288
1070,3.64857
1071,3.53008
1072,4.30179
1073,1.99319
1074,2.58992
1075,3.482
1076,4.23031
1077,2.84551
1078,3.45518
1079,3.2109
1080,3.14288
1081,4.02844
1082,3.34104
1083,3.58283
1084,3.80221
1085,3.29166
1086,3.57742
1087,3.37976
1088,3.12875
1089,3.69477
1090,3.24531
1091,2.96109
1092,3.66345
1093,3.02855
1094,4.05317
1095,3.68051
1096,3.7605
1097,3.76249
1098,3.91626
1099,4.02446
1100,3.78639
1101,3.43797
1102,4.06114
1103,4.08238
1104,3.33397
1105,4.17014
1106,3.41604
1107,3.82916
1108,3.58484
1109,3.66707
1110,3.44701
1111,3.75629
1112,3.74191
1113,3.60784
1114,3.31569
1115,3.29406
1116,3.53322
1117,3.95297
1118,3.34897
1119,3.91093
1120,3.25035
1121,3.02978
1122,3.53452
1123,2.86414
1124,3.78088
1125,2.52588
1126,4.02828
1127,3.36215
1128,3.38366
1129,3.32426
1130,3.20721
1131,3.1085
1132,3.69104
1133,2.89112
1134,3.22378
1135,2.96223
1136,2.64671
1137,2.67659
1138,3.8475
1139,4.1817
1140,3.63924
1141,3.40777
1142,3.57592
1143,3.12311
1144,3.99082
1145,3.83006
1146,3.46303
1147,3.91771
1148,2.28274
1149,3.1331
1150,3.36371
1151,2.89777
1152,3.05115
1153,3.49224
1154,3.47208
1155,3.50291
1156,3.68289
1157,3.8308
1158,4.34473
1159,4.02765
1160,3.24554
1161,3.23672
1162,2.59093
1163,3.88435
1164,4.05036
1165,2.95157
1166,3.7104
1167,3.91213
1168,3.28799
1169,3.41219
1170,3.99008
1171,3.14875
1172,4.09457
1173,3.96123
1174,3.1468
1175,3.76175
1176,4.0714
1177,3.40397
1178,3.62769
1179,3.68794
1180,4.13942
1181,3.78849
1182,4.2714
1183,3.83632
1184,3.55126
1185,4.05335
1186,3.74291
1187,3.25428
1188,2.74099
1189,2.75017
1190,3.80877
1191,3.73765
1192,3.41851
1193,2.86016
1194,3.12041
1195,3.1075
1196,3.721
1197,3.63092
1198,3.26272
1199,4.01018
1200,3.57261
1201,4.04415
1202,3.71674
1203,3.89828
1204,3.54426
1205,3.64259
1206,4.09264
1207,3.7697
1208,3.82473
1209,2.69285
1210,3.59718
1211,3.74686
1212,3.81845
1213,3.45391
1214,2.19822
1215,3.55618
1216,3.38846
1217,3.72999
1218,4.4898
1219,3.50978
1220,3.27323
1221,3.2593
1222,2.92812
1223,2.8737
1224,3.76635
1225,2.99256
1226,3.00981
1227,3.68121
1228,3.10927
1229,2.92811
1230,3.71272
1231,3.24983
1232,3.76503
1233,3.78253
1234,2.93421
1235,3.73315
1236,3.07232
1237,3.25643
1238,3.40578
1239,3.54315
1240,3.4846
1241,4.17944
1242,3.3144
1243,3.78501
1244,2.85069
1245,4.00435
1246,3.2766
1247,4.17396
1248,3.48625
1249,3.94218
1250,3.33892
1251,3.74591
1252,3.7685
1253,3.6031
1254,3.64559
1255,3.31266
1256,3.16103
1257,3.59904
1258,2.68584
1259,3.58434
1260,3.75411
1261,3.18634
1262,3.7376
1263,3.01255
1264,4.09793
1265,3.53262
1266,2.77327
1267,3.68464
1268,3.55921
1269,3.54458
1270,3.63246
1271,3.12518
1272,3.26153
1273,3.63166
1274,3.12145
1275,3.94775
1276,3.88296
1277,4.10152
1278,2.65971
1279,3.01171
1280,3.2716
1281,4.07562
1282,3.57105
1283,2.72042
1284,3.79938
1285,3.09564
1286,4.11478
1287,3.36456
1288,4.10813
1289,3.20523
1290,2.00776
1291,2.85427
1292,3.71773
1293,3.90433
1294,3.64634
1295,2.84822
1296,4.01657
1297,3.84137
1298,2.93859
1299,3.954
1300,3.23726
1301,3.77691
1302,3.88886
1303,2.65234
1304,3.4516
1305,3.58218
1306,3.76284
1307,2.92716
1308,3.31414
1309,3.54501
1310,2.69179
1311,2.73616
1312,3.97218
1313,3.89112
1314,3.92654
1315,3.53853
1316,3.89545
1317,3.67459
1318,2.76568
1319,3.38917
1320,3.66169
1321,3.77045
1322,3.46189
1323,2.66554
1324,3.87692
1325,3.90262
1326,4.217
1327,3.9872
1328,2.92354
1329,4.24257
1330,3.27419
1331,3.86158
1332,3.34182
1333,3.10079
1334,3.06823
1335,4.17998
1336,3.29852
1337,3.43142
1338,3.63022
1339,2.79824
1340,4.03297
1341,3.42642
1342,4.1493
1343,3.90935
1344,3.0176
1345,3.23449
1346,3.67444
1347,3.24707
1348,3.36078
1349,3.10074
1350,3.94822
1351,3.41032
1352,2.96031
1353,3.73288
1354,3.98075
1355,4.06098
1356,3.31308
1357,3.79751
1358,3.61453
1359,3.43528
1360,3.89889
1361,3.53215
1362,3.30219
1363,1.49354
1364,3.25042
1365,3.59464
1366,3.26017
1367,2.72667
1368,2.78067
1369,3.09791
1370,3.82686
1371,3.82804
1372,3.04484
1373,3.54312
1374,3.01301
1375,3.68493
1376,3.17964
1377,4.14197
1378,3.62838
1379,3.21307
1380,3.14889
1381,3.38733
1382,2.96268
1383,2.76911
1384,3.31213
1385,3.58785
1386,3.80038
1387,3.94167
1388,2.28477
1389,3.87013
1390,4.05037
1391,3.75209
1392,3.85777
1393,3.85749
1394,2.74534
1395,3.31542
1396,3.51847
1397,3.36369
1398,4.24354
1399,4.01827
1400,3.76483
1401,3.86605
1402,4.08457
1403,3.49841
1404,3.62081
1405,2.90946
1406,4.07663
1407,3.3506
1408,3.04658
1409,3.98778
1410,4.00758
1411,3.80231
1412,4.09644
1413,3.47355
1414,3.11346
1415,3.13958
1416,2.76963
1417,3.91208
1418,2.99661
1419,3.08392
1420,3.85039
1421,3.79806
1422,3.60152
1423,2.7555
1424,3.83571
1425,3.08053
1426,3.56457
1427,4.15739
1428,3.79661
1429,3.77466
1430,3.54485
1431,2.85531
1432,3.6695
1433,4.00446
1434,3.56232
1435,3.54521
1436,2.99929
1437,3.13328
1438,3.20963
1439,3.88551
1440,2.87836
1441,2.90237
1442,3.01161
1443,3.51874
1444,4.08908
1445,4.04305
1446,4.05146
1447,3.71222
1448,4.26866
1449,4.0067
1450,3.58439
1451,2.48435
1452,3.93638
1453,2.91733
1454,4.33904
1455,3.33255
1456,3.88062
1457,3.67963
1458,3.63443
1459,3.34778
1460,3.66934
1461,3.55465
1462,3.13674
1463,3.6471
1464,4.18901
1465,2.85355
1466,3.53996
1467,3.44468
1468,3.73388
1469,4.20337
1470,3.74015
1471,3.07905
1472,3.69681
1473,3.95717
1474,2.3911
1475,3.49704
1476,3.00566
1477,3.75735
1478,2.98396
1479,3.5516
1480,3.14444
1481,3.38546
1482,3.63858
1483,3.5592
1484,3.09938
1485,4.08759
1486,2.92069
1487,4.22552
1488,3.97843
1489,3.46545
1490,3.8366
1491,2.93034
1492,3.7909
1493,3.50838
1494,3.66363
1495,2.01125
1496,4.08213
1497,3.79892
1498,3.96213
1499,3.2961
1500,2.94893
1501,3.56249
1502,3.74227
1503,3.74015
1504,3.93741
1505,3.60016
1506,4.2084
1507,2.445
1508,4.30643
1509,3.48749
1510,3.90052
1511,3.96038
1512,3.01028
1513,3.92647
1514,3.52747
1515,4.20625
1516,3.58685
1517,3.43605
1518,3.89871
1519,3.3918
1520,3.65715
1521,2.87703
1522,3.86225
1523,3.26156
1524,3.4765
1525,3.65191
1526,3.58574
1527,3.5406
1528,3.77108
1529,3.74541
1530,3.10788
1531,3.65479
1532,2.59299
1533,3.81872
1534,3.20468
1535,3.27221
1536,3.75046
1537,3.60033
1538,3.59539
1539,3.69492
1540,3.44726
1541,4.16725
1542,3.91416
1543,3.29845
1544,3.85857
1545,3.08111
1546,3.56195
1547,3.81331
1548,3.50259
1549,2.84761
1550,3.67649
1551,4.13004
1552,3.42404
1553,2.32814
1554,3.01181
1555,3.98693
1556,3.34055
1557,3.83285
1558,3.85293
1559,2.72515
1560,2.87794
1561,2.87601
1562,3.01361
1563,3.84396
1564,3.07994
1565,3.51921
1566,2.70607
1567,3.50509
1568,2.57061
1569,2.72282
1570,2.62398
1571,3.68695
1572,4.02831
1573,3.71436
1574,4.08397
1575,3.91629
1576,3.73992
1577,4.03105
1578,3.04879
1579,2.69399
1580,3.68914
1581,3.32044
1582,3.59774
1583,3.39359
1584,4.03962
1585,3.59749
1586,3.96056
1587,4.22126
1588,4.10059
1589,2.4326
1590,3.80108
1591,3.65312
1592,3.63677
1593,3.44421
1594,3.18307
1595,3.43352
1596,2.72298
1597,3.96382
1598,3.57106
1599,3.94662
1600,2.58894
1601,3.21511
1602,3.68678
1603,3.72088
1604,3.95151
1605,3.12371
1606,4.18059
1607,3.46101
1608,3.75051
1609,3.40119
1610,3.83832
1611,2.9069
1612,3.75209
1613,3.2291
1614,3.44413
1615,3.35226
1616,4.10488
1617,3.41676
1618,4.09697
1619,4.07877
1620,2.68576
1621,3.8144
1622,3.03979
1623,3.92726
1624,3.69356
1625,3.91272
1626,2.97193
1627,2.70189
1628,3.73443
1629,3.67973
1630,2.78044
1631,3.76249
1632,2.86101
1633,3.02548
1634,3.31111
1635,2.88443
1636,4.01883
1637,4.06314
1638,3.22699
1639,3.30391
1640,3.75407
1641,3.47164
1642,3.28211
1643,4.31225
1644,3.28652
1645,3.93799
1646,4.27684
1647,3.94537
1648,3.64464
1649,3.59784
1650,4.18853
1651,3.30467
1652,3.02379
1653,3.4203
1654,2.90807
1655,4.05157
1656,3.21749
1657,3.69443
1658,3.55556
1659,4.01398
1660,3.44255
1661,3.87021
1662,4.10489
1663,3.39223
1664,3.95373
1665,4.11036
1666,3.88348
1667,3.47629
1668,3.91602
1669,3.18827
1670,4.1699
1671,3.26067
1672,3.56203
1673,3.24043
1674,4.17149
1675,3.88528
1676,3.57053
1677,3.75735
1678,3.40178
1679,2.33746
1680,3.77715
1681,3.77387
1682,2.98921
1683,3.88115
1684,3.30499
1685,3.71519
1686,2.6272
1687,2.79334
1688,3.07397
1689,3.98042
1690,3.53478
1691,3.86527
1692,3.28468
1693,2.16229
1694,4.01532
1695,2.99138
1696,2.77482
1697,3.8394
1698,3.1969
1699,3.58195
1700,3.41451
1701,3.48822
1702,3.61494
1703,3.96805
1704,3.00557
1705,3.76108
1706,3.36191
1707,3.3054
1708,3.64729
1709,3.99112
1710,3.54273
1711,3.21531
1712,3.13432
1713,3.99415
1714,3.97789
1715,2.95752
1716,3.54166
1717,3.84215
1718,2.94487
1719,3.80653
1720,3.04446
1721,3.66627
1722,2.9621
1723,3.19814
1724,3.10876
1725,3.2494
1726,3.33488
1727,2.82039
1728,3.17087
1729,3.25679
1730,3.08666
1731,3.05547
1732,3.8698
1733,4.21891
1734,3.66951
1735,2.94028
1736,3.44869
1737,3.42401
1738,4.20288
1739,3.38689
1740,3.64051
1741,2.8788
1742,2.75748
1743,4.02022
1744,4.22931
1745,3.67981
1746,3.77629
1747,3.6024
1748,3.69715
1749,3.18747
1750,3.5124
1751,3.46273
1752,3.47238
1753,3.61073
1754,2.6809
1755,3.4961
1756,3.41317
1757,3.16991
1758,3.40263
1759,3.47835
1760,3.84331
1761,3.33614
1762,3.10811
1763,3.25193
1764,3.32007
1765,3.84581
1766,3.08682
1767,3.36497
1768,3.16467
1769,3.73849
1770,3.90073
1771,3.8631
1772,4.03154
1773,3.81494
1774,2.66479
1775,2.33735
1776,3.31821
1777,3.61964
1778,2.97336
1779,3.31218
1780,3.19418
1781,3.60251
1782,3.49142
1783,3.103
1784,4.02436
1785,3.114
1786,3.88219
1787,3.79572
1788,3.66398
1789,3.89683
1790,3.53024
1791,3.74292
1792,3.50804
1793,3.97117
1794,3.77534
1795,3.51442
1796,3.80835
1797,3.49387
1798,2.66709
1799,2.79907
1800,3.28183
1801,4.18491
1802,3.38523
1803,3.57708
1804,4.09889
1805,3.58263
1806,3.3132
1807,3.93447
1808,3.19398
1809,3.14455
1810,3.01133
1811,3.28485
1812,4.04584
1813,4.03262
1814,3.20387
1815,3.85807
1816,3.78821
1817,3.74937
1818,4.09486
1819,3.67186
1820,3.97172
1821,3.25326
1822,3.59213
1823,4.09429
1824,3.43996
1825,2.07692
1826,3.64261
1827,4.13721
1828,3.58418
1829,3.27323
1830,3.79743
1831,4.11746
1832,3.36474
1833,4.0761
1834,3.73396
1835,3.55791
1836,4.14549
1837,3.39948
1838,3.17333
1839,4.19126
1840,2.80516
1841,3.95376
1842,3.43841
1843,2.88478
1844,3.68017
1845,3.76275
1846,3.27775
1847,4.01883
1848,3.71157
1849,2.79719
1850,3.89084
1851,3.58356
1852,3.18396
1853,3.75514
1854,3.87244
1855,3.69797
1856,3.82385
1857,3.41337
1858,3.4452
1859,3.79477
1860,3.36268
1861,3.65323
1862,2.47964
1863,3.40533
1864,3.04567
1865,3.96142
1866,2.84806
1867,3.66313
1868,3.0825
1869,3.62413
1870,3.85081
1871,4.01592
1872,3.7581
1873,3.51646
1874,4.13506
1875,4.09535
1876,3.65768
1877,3.24165
1878,3.40275
1879,2.99341
1880,2.80492
1881,2.57794
1882,3.52614
1883,3.57478
1884,3.12755
1885,3.4491
1886,3.73158
1887,3.24126
1888,3.14891
1889,3.96635
1890,3.55844
1891,3.86296
1892,3.87291
1893,3.74693
1894,3.27026
1895,3.03342
1896,4.36056
1897,3.62036
1898,2.58578
1899,3.15188
1900,3.76139
1901,2.83884
1902,3.50752
1903,3.1787
1904,4.01442
1905,3.89651
1906,3.36921
1907,3.5964
1908,3.29702
1909,3.36111
1910,4.1383
1911,3.12535
1912,3.86026
1913,3.32556
1914,3.37521
1915,3.35603
1916,2.99265
1917,3.77223
1918,3.87528
1919,2.17105
1920,3.91708
1921,4.07862
1922,3.97225
1923,4.15916
1924,3.625
1925,3.41766
1926,3.12107
1927,2.75467
1928,3.09584
1929,3.08673
1930,3.34614
1931,3.26242
1932,3.98227
1933,3.67018
1934,3.98392
1935,2.71063
1936,2.55408
1937,3.26423
1938,3.34786
1939,3.27348
1940,3.91715
1941,3.99002
1942,3.32753
1943,3.46713
1944,2.79207
1945,3.37223
1946,3.09597
1947,3.15519
1948,4.12412
1949,3.93905
1950,3.86026
1951,4.09334
1952,3.92663
1953,3.07954
1954,3.87291
1955,3.53558
1956,3.22207
1957,3.60977
1958,3.75226
1959,2.82793
1960,1.86436
1961,3.84554
1962,2.54144
1963,4.03334
1964,3.08754
1965,3.80767
1966,3.496
1967,3.87672
1968,3.93972
1969,3.96578
1970,3.00659
1971,3.59544
1972,3.58303
1973,3.26466
1974,2.16325
1975,2.15466
1976,2.49667
1977,3.57696
1978,4.18716
1979,3.04382
1980,4.17321
1981,3.93111
1982,3.83524
1983,3.89846
1984,3.74855
1985,3.55059
1986,3.74764
1987,2.23462
1988,3.42556
1989,2.86271
1990,2.72872
1991,3.85419
1992,3.80104
1993,2.64379
1994,3.21996
1995,2.49252
1996,3.13929
1997,3.62642
1998,2.26626
1999,3.16646
2000,3.39403
2001,3.18633
2002,3.54741
2003,3.61061
2004,4.0869
2005,3.44151
2006,2.9964
2007,3.66853
2008,4.02318
2009,4.05633
2010,2.42732
2011,3.7648
2012,3.70339
2013,2.18553
2014,2.84743
2015,3.76892
2016,4.1806
2017,4.01364
2018,3.70166
2019,3.04274
2020,3.64519
2021,4.05329
2022,3.93778
2023,4.15526
2024,3.5331
2025,3.76952
2026,2.91277
2027,3.67567
2028,3.69185
2029,3.73279
2030,2.65905
2031,3.58704
2032,4.17441
2033,3.91442
2034,3.66515
2035,3.92346
2036,3.07663
2037,3.80706
2038,3.64654
2039,3.73968
2040,2.26249
2041,3.79584
2042,3.59879
2043,3.35404
2044,3.51044
2045,3.91958
2046,3.63385
2047,3.54122
2048,3.64308
2049,2.97202
2050,3.42953
2051,3.56235
2052,3.69759
2053,3.02995
2054,4.07197
2055,3.87253
2056,2.65624
2057,3.77118
2058,3.71782
2059,2.34344
2060,3.82788
2061,2.23938
2062,3.28129
2063,3.79029
2064,3.89564
2065,3.35234
2066,3.68463
2067,4.10672
2068,2.84605
2069,3.88386
2070,3.61486
2071,3.54392
2072,3.63825
2073,4.17324
2074,4.05686
2075,3.39633
2076,2.87925
2077,3.23558
2078,3.56858
2079,2.94792
2080,3.33777
2081,3.87518
2082,3.00187
2083,3.33444
2084,3.16034
2085,3.52427
2086,4.02422
2087,3.17227
2088,3.269
2089,3.73576
2090,3.31069
2091,3.0777
2092,3.78959
2093,2.78229
2094,4.00649
2095,3.13708
2096,3.36732
2097,3.5497
2098,3.90307
2099,3.30172
2100,3.54208
2101,3.14188
2102,3.87909
2103,3.28074
2104,3.69071
2105,3.47266
2106,2.47034
2107,3.6074
2108,3.46152
2109,3.7386
2110,2.75895
2111,2.72348
2112,3.23436
2113,4.14576
2114,3.96149
2115,3.68024
2116,2.99598
2117,3.96804
2118,3.69053
2119,3.53444
2120,3.47593
2121,3.25929
2122,3.64385
2123,3.3816
2124,3.51722
2125,3.6781
2126,4.06599
2127,3.57887
2128,3.73136
2129,2.29416
2130,3.13571
2131,3.22119
2132,3.52052
2133,3.10167
2134,3.26901
2135,3.66418
2136,3.45764
2137,3.25223
2138,3.82853
2139,3.60992
2140,3.56789
2141,2.82141
2142,3.95609
2143,2.97471
2144,3.39495
2145,3.58429
2146,3.83029
2147,3.74526
2148,3.52368
2149,3.67988
2150,4.34868
2151,3.95385
2152,3.69763
2153,2.71946
2154,3.26439
2155,3.52289
2156,3.85387
2157,3.34208
2158,3.42423
2159,4.21418
2160,3.66715
2161,3.85608
2162,3.90747
2163,3.70867
2164,3.62921
2165,3.83219
2166,3.12792
2167,3.6629
2168,3.60064
2169,4.38279
2170,3.12876
2171,3.87869
2172,3.59702
2173,3.30586
2174,2.53422
2175,4.10352
2176,3.4812
2177,3.4624
2178,2.75148
2179,3.93007
2180,3.58038
2181,4.08676
2182,4.16754
2183,2.11985
2184,4.00998
2185,2.89385
2186,3.4366
2187,4.12748
2188,2.99061
2189,3.42788
2190,3.34008
2191,4.09237
2192,3.17695
2193,3.66872
2194,3.52773
2195,3.99327
2196,3.90902
2197,2.54388
2198,3.83585
2199,3.49028
2200,2.64931
2201,2.48546
2202,4.15842
2203,3.92991
2204,4.29237
2205,4.03804
2206,4.04052
2207,3.48783
2208,3.96029
2209,3.18087
2210,3.81225
2211,3.88153
2212,3.71351
2213,3.742
2214,3.35688
2215,3.16851
2216,3.77724
2217,2.38079
2218,3.24645
2219,3.91513
2220,3.99662
2221,3.42945
2222,3.36222
2223,3.57119
2224,3.79662
2225,3.29214
2226,3.09145
2227,3.99297
2228,3.57032
2229,3.65798
2230,3.88759
2231,2.71037
2232,3.18908
2233,4.06642
2234,4.07148
2235,2.29679
2236,3.58671
2237,3.53747
2238,3.80499
2239,3.92977
2240,3.86256
2241,2.97668
2242,3.46423
2243,4.14911
2244,3.35408
2245,3.07438
2246,3.68114
2247,4.21941
2248,4.01212
2249,3.7409
2250,3.53473
2251,2.6467
2252,3.75477
2253,4.10667
2254,3.46041
2255,3.76104
2256,3.70353
2257,3.47059
2258,3.51815
2259,4.05581
2260,3.7224
2261,4.06905
2262,3.82239
2263,3.40136
2264,3.12638
2265,3.25781
2266,3.88293
2267,3.48775
2268,3.21521
2269,4.16174
2270,4.0513
2271,3.99923
2272,3.94667
2273,3.81329
2274,3.62716
2275,3.4264
2276,2.89718
2277,3.84598
2278,3.38464
2279,3.19898
2280,3.56531
2281,3.62366
2282,3.37759
2283,2.59446
2284,4.00218
2285,3.94361
2286,3.69753
2287,4.0252
2288,2.66153
2289,3.63478
2290,3.47333
2291,4.0673
2292,3.63851
2293,3.8097
2294,3.95873
2295,3.3451
2296,3.69248
2297,3.18175
2298,4.14806
2299,4.08939
2300,3.79262
2301,3.35883
2302,3.62607
2303,2.91898
2304,3.28584
2305,4.06339
2306,3.68858
2307,3.60737
2308,3.47812
2309,3.01092
2310,3.92489
2311,3.97086
2312,4.06192
2313,3.71559
2314,3.49621
2315,3.70352
2316,2.06539
2317,2.93239
2318,3.4959
2319,3.75159
2320,3.50388
2321,3.76672
2322,2.81672
2323,3.35264
2324,2.41731
2325,3.15082
2326,3.21561
2327,3.31985
2328,3.42629
2329,3.03481
2330,3.54492
2331,3.39137
2332,2.58837
2333,3.81689
2334,3.43865
2335,3.40848
2336,4.08812
2337,4.36643
2338,3.82768
2339,3.59267
2340,4.09773
2341,3.84119
2342,3.36054
2343,3.8745
2344,3.26079
2345,3.44619
2346,4.16051
2347,3.44377
2348,3.87868
2349,3.6245
2350,3.64778
2351,4.07767
2352,2.59771
2353,3.85855
2354,3.66773
2355,3.54246
2356,2.9895
2357,3.44757
2358,3.66765
2359,4.2401
2360,3.78679
2361,2.57046
2362,2.51738
2363,3.98309
2364,3.52227
2365,4.22484
2366,3.1181
2367,4.14898
2368,4.06833
2369,3.66842
2370,3.06719
2371,3.78457
2372,3.80376
2373,3.05277
2374,3.94042
2375,4.09625
2376,3.58788
2377,3.62047
2378,3.19149
2379,4.0836
2380,2.50388
2381,2.76988
2382,3.68656
2383,4.25234
2384,4.13193
2385,3.91264
2386,2.83223
2387,2.61947
2388,3.57754
2389,2.48827
2390,2.94508
2391,3.89581
2392,3.79246
2393,3.30047
2394,3.98661
2395,3.56108
2396,3.70179
2397,3.15469
2398,3.202
2399,3.64582
2400,1.8411
2401,3.71182
2402,3.01815
2403,3.31482
2404,3.20496
2405,3.11436
2406,2.48201
2407,3.72667
2408,2.99404
2409,3.25598
2410,3.46191
2411,3.22232
2412,3.52932
2413,3.58232
2414,3.95515
2415,3.47857
2416,3.73366
2417,3.74092
2418,3.34646
2419,3.56684
2420,4.18168
2421,3.80296
2422,3.78348
2423,3.86784
2424,3.60663
2425,2.65465
2426,3.68911
2427,2.82537
2428,3.64062
2429,4.10824
2430,3.30738
2431,2.31724
2432,3.49649
2433,3.25049
2434,3.58578
2435,3.14961
2436,4.01558
2437,3.89
2438,4.00278
2439,3.14998
2440,3.06385
2441,3.97407
2442,2.71597
2443,3.9787
2444,4.0835
2445,3.73341
2446,3.85024
2447,3.87359
2448,3.27869
2449,3.35371
2450,3.05998
2451,4.20334
2452,4.10662
2453,3.68519
2454,3.57682
2455,3.31693
2456,3.68345
2457,2.85089
2458,3.87055
2459,3.9359
2460,3.53675
2461,3.03588
2462,3.8113
2463,3.01283
2464,3.07014
2465,3.12842
2466,4.06695
2467,3.44939
2468,3.82785
2469,2.65639
2470,3.77945
2471,2.75789
2472,3.84302
2473,3.78925
2474,3.85974
2475,3.86829
2476,3.77833
2477,3.60519
2478,3.53475
2479,3.81832
2480,3.98926
2481,3.37133
2482,3.73656
2483,3.589
2484,3.29729
2485,3.90579
2486,2.94988
2487,3.87441
2488,3.98642
2489,3.72228
2490,3.36692
2491,3.77977
2492,4.04922
2493,4.09537
2494,4.10602
2495,3.29408
2496,3.06363
2497,3.9751
2498,3.82584
2499,2.34299
2500,2.08245
2501,2.89126
2502,4.03735
2503,3.34265
2504,3.71434
2505,3.9957
2506,3.07141
2507,3.93369
2508,3.69941
2509,2.69334
2510,3.51301
2511,4.20704
2512,3.02687
2513,3.37257
2514,2.45648
2515,3.13739
2516,3.53946
2517,3.89507
2518,3.56633
2519,3.9532
2520,3.85267
2521,4.13819
2522,2.42611
2523,3.50559
2524,2.74344
2525,3.88307
2526,2.70714
2527,3.2897
2528,3.23013
2529,3.91389
2530,3.02139
2531,3.1609
2532,4.01502
2533,4.04983
2534,3.78817
2535,3.93461
2536,3.58396
2537,3.67459
2538,3.09878
2539,3.61053
2540,2.97464
2541,3.97805
2542,3.42617
2543,4.11897
2544,2.77524
2545,3.72582
2546,3.98345
2547,3.54978
2548,3.74935
2549,2.91175
2550,4.12951
2551,3.91002
2552,3.21665
2553,3.13782
2554,3.53315
2555,2.68143
2556,3.91163
2557,3.47023
2558,3.80101
2559,2.3149
2560,2.84434
2561,3.30396
2562,2.50297
2563,4.27679
2564,3.3371
2565,2.68165
2566,3.79733
2567,3.30862
2568,3.06653
2569,3.30739
2570,3.20518
2571,3.72327
2572,3.09357
2573,3.49974
2574,4.11474
2575,3.02277
2576,3.14513
2577,3.51206
2578,3.42578
2579,3.15132
2580,3.42927
2581,3.85702
2582,4.03895
2583,3.92187
2584,3.42075
2585,4.12888
2586,3.09254
2587,3.75932
2588,3.98668
2589,3.20659
2590,3.32768
2591,3.45711
2592,4.04586
2593,3.73734
2594,3.79142
2595,3.62066
2596,3.57695
2597,3.76777
2598,3.01452
2599,3.96252
2600,4.03595
2601,3.81748
2602,3.71607
2603,2.5758
2604,3.36124
2605,3.7118
2606,3.46559
2607,3.84678
2608,2.646
2609,4.28854
2610,3.79322
2611,3.92015
2612,3.30073
2613,2.56998
2614,3.49573
2615,2.6466
2616,3.1797
2617,3.82278
2618,3.62016
2619,3.55252
2620,3.7916
2621,3.2639
2622,3.12413
2623,3.87711
2624,3.97621
2625,2.432
2626,3.33583
2627,3.43851
2628,3.58103
2629,3.09454
2630,3.99648
2631,3.80766
2632,4.07391
2633,3.49792
2634,3.43448
2635,3.11246
2636,3.60817
2637,4.01731
2638,3.40278
2639,2.8711
2640,3.91969
2641,3.86093
2642,4.18077
2643,3.53833
2644,2.67337
2645,4.18044
2646,2.84842
2647,2.79715
2648,2.76675
2649,3.5647
2650,3.30954
2651,3.84601
2652,3.9961
2653,2.78041
2654,3.74433
2655,3.58503
2656,3.22786
2657,2.98458
2658,3.28187
2659,3.52253
2660,4.26368
2661,3.18836
2662,3.91992
2663,2.89409
2664,3.3862
2665,3.97011
2666,3.68735
2667,3.9078
2668,3.81392
2669,3.43222
2670,3.05836
2671,3.77304
2672,2.97633
2673,3.81547
2674,3.23281
2675,2.52931
2676,3.58583
2677,3.38919
2678,3.66747
2679,3.31453
2680,2.95585
2681,4.06116
2682,2.29731
2683,3.18762
2684,3.88028
2685,3.56845
2686,3.69003
2687,3.56083
2688,2.92151
2689,3.5375
2690,2.84771
2691,2.91498
2692,3.74924
2693,3.21383
2694,2.62051
2695,2.8867
2696,3.71367
2697,3.28097
2698,3.7072
2699,3.43701
2700,3.95933
2701,2.58043
2702,3.23133
2703,3.28671
2704,2.60016
2705,2.93964
2706,3.57913
2707,3.87422
2708,3.92508
2709,3.45316
2710,3.4834
2711,3.92036
2712,3.21103
2713,4.01608
2714,3.54436
2715,4.11595
2716,3.02131
2717,2.79606
2718,3.67123
2719,4.15651
2720,3.40079
2721,3.40226
2722,3.90614
2723,3.22822
2724,3.42607
2725,3.76682
2726,4.07026
2727,3.36302
2728,3.45635
2729,3.27605
2730,3.37633
2731,4.03952
2732,2.87258
2733,3.87334
2734,3.78312
2735,4.01703
2736,3.28545
2737,3.482
2738,3.93903
2739,3.91529
2740,3.23754
2741,2.49667
2742,2.9231
2743,3.80971
2744,3.56887
2745,3.15138
2746,3.99394
2747,3.45937
2748,2.85049
2749,3.33837
2750,2.44136
2751,3.43034
2752,3.47116
2753,4.16744
2754,3.90566
2755,3.54691
2756,3.90488
2757,3.41409
2758,3.54272
2759,3.25989
2760,3.35499
2761,3.50669
2762,3.84054
2763,3.4994
2764,3.98778
2765,3.13714
2766,3.5341
2767,4.07051
2768,3.99094
2769,3.47555
2770,2.70645
2771,4.02953
2772,2.78262
2773,4.03315
2774,4.07031
2775,3.11139
2776,3.53969
2777,3.89803
2778,3.79918
2779,3.9994
2780,3.53027
2781,3.10599
2782,3.13996
2783,3.88317
2784,3.17267
2785,3.76481
2786,3.37965
2787,3.06168
2788,3.21499
2789,3.22695
2790,3.67875
2791,3.46776
2792,3.82985
2793,3.91091
2794,3.1829
2795,2.69349
2796,3.52224
2797,4.19074
2798,2.97014
2799,3.18174
2800,3.66651
2801,3.93533
2802,3.20071
2803,3.85122
2804,3.26997
2805,4.00687
2806,2.80457
2807,3.49269
2808,3.24867
2809,3.26078
2810,3.95141
2811,3.72786
2812,3.56104
2813,4.03993
2814,2.98824
2815,3.21101
2816,2.52943
2817,3.53978
2818,3.31669
2819,3.38426
2820,3.7211
2821,3.76823
2822,3.13765
2823,2.30571
2824,3.58277
2825,3.78408
2826,4.02776
2827,3.43635
2828,3.83681
2829,3.93806
2830,4.02837
2831,4.07745
2832,3.38974
2833,3.94063
2834,3.88359
2835,3.61706
2836,3.88483
2837,3.14567
2838,3.23255
2839,2.64993
2840,2.87923
2841,4.09046
2842,3.14549
2843,3.30166
2844,3.95644
2845,4.06232
2846,2.86205
2847,3.06756
2848,3.97324
2849,3.58665
2850,3.80036
2851,3.97736
2852,4.28727
2853,3.98015
2854,3.82685
2855,3.25119
2856,3.57475
2857,3.78609
2858,4.13665
2859,4.04787
2860,2.87977
2861,2.77165
2862,3.45365
2863,3.57081
2864,3.68575
2865,4.08212
2866,3.99205
2867,2.44084
2868,3.73813
2869,3.36961
2870,2.90868
2871,3.6726
2872,3.07195
2873,3.48969
2874,3.88306
2875,4.06359
2876,2.89781
2877,3.19652
2878,3.20337
2879,3.45617
2880,2.87682
2881,2.82941
2882,3.61083
2883,3.82665
2884,3.83253
2885,3.28054
2886,2.75052
2887,1.69706
2888,2.97791
2889,3.33037
2890,3.21622
2891,3.584
2892,3.90067
2893,3.55418
2894,3.73766
2895,4.01776
2896,3.29366
2897,3.77905
2898,3.11668
2899,4.1518
2900,3.47695
2901,3.41856
2902,3.49145
2903,3.30515
2904,3.66286
2905,3.09635
2906,4.16363
2907,3.30253
2908,3.98673
2909,3.60637
2910,3.49204
2911,3.23115
2912,3.66185
2913,3.18177
2914,4.11344
2915,3.43421
2916,3.97331
2917,3.55314
2918,3.47102
2919,3.95477
2920,3.80891
2921,3.19334
2922,2.74963
2923,3.43273
2924,3.24373
2925,3.07725
2926,3.79829
2927,3.51623
2928,4.23284
2929,3.43208
2930,3.93602
2931,3.32342
2932,2.39725
2933,2.82185
2934,2.96618
2935,3.66537
2936,3.93879
2937,3.50594
2938,4.10799
2939,3.3138
2940,4.03597
2941,3.91277
2942,3.11765
2943,3.90056
2944,3.95792
2945,4.15895
2946,3.8101
2947,3.49526
2948,3.52166
2949,3.59476
2950,2.93436
2951,2.36771
2952,4.1656
2953,4.4267
2954,3.29113
2955,3.14731
2956,3.06785
2957,3.36464
2958,4.16292
2959,2.74956
2960,3.32096
2961,3.44095
2962,4.05053
2963,2.51661
2964,3.21113
2965,3.63233
2966,3.15451
2967,3.68318
2968,4.05389
2969,3.92749
2970,4.01871
2971,3.67491
2972,2.30936
2973,3.17363
2974,2.44245
2975,3.48666
2976,3.67265
2977,3.85676
2978,3.99017
2979,3.34955
2980,3.29423
2981,2.52306
2982,3.90295
2983,3.53034
2984,4.13246
2985,4.33533
2986,3.4538
2987,3.08891
2988,3.15108
2989,3.88434
2990,3.89492
2991,3.37288
2992,4.21767
2993,3.62011
2994,3.99411
2995,4.01511
2996,3.42955
2997,3.8357
2998,4.01234
2999,4.15102
3000,3.03958
3001,3.80331
3002,3.80871
3003,3.51602
3004,3.1988
3005,3.62265
3006,3.67062
3007,3.06292
3008,3.09569
3009,3.99207
3010,3.78813
3011,2.52949
3012,3.86528
3013,3.92807
3014,2.80498
3015,3.49235
3016,4.05549
3017,3.74013
3018,2.9543
3019,3.62737
3020,3.3122
3021,3.29191
3022,3.6776
3023,3.61336
3024,3.51833
3025,4.0193
3026,2.85862
3027,3.24472
3028,4.1712
3029,3.04012
3030,3.47098
3031,3.73059
3032,1.5189
3033,3.42404
3034,3.28277
3035,3.29871
3036,3.33466
3037,3.34351
3038,3.5709
3039,2.94544
3040,4.0169
3041,2.48628
3042,3.21729
3043,2.17579
3044,3.90853
3045,3.76293
3046,3.82318
3047,3.59856
3048,3.40172
3049,3.50627
3050,3.60446
3051,3.51072
3052,3.50482
3053,3.48195
3054,3.39669
3055,3.90175
3056,3.54246
3057,3.50813
3058,2.64535
3059,3.05801
3060,3.99312
3061,2.8906
3062,2.89569
3063,3.49707
3064,3.66845
3065,3.22789
3066,3.75992
3067,3.73065
3068,3.80508
3069,3.27307
3070,3.74631
3071,3.61196
3072,3.18621
3073,3.35878
3074,3.73001
3075,4.38689
3076,3.59998
3077,3.62494
3078,3.37821
3079,1.93257
3080,3.31591
3081,4.0051
3082,3.94416
3083,3.10764
3084,3.14619
3085,2.97086
3086,3.65803
3087,2.19067
3088,3.38526
3089,4.00032
3090,4.09976
3091,3.56725
3092,3.51613
3093,3.33305
3094,4.00117
3095,3.54426
3096,3.84445
3097,3.38335
3098,3.80245
3099,4.13
3100,3.78911
3101,3.50778
3102,1.98622
3103,4.04173
3104,3.54031
3105,4.08688
3106,4.18904
3107,3.97823
3108,1.52772
3109,3.60246
3110,3.8869
3111,3.06977
3112,3.63163
3113,3.08471
3114,3.81129
3115,3.31574
3116,3.85868
3117,4.45222
3118,3.35257
3119,3.62178
3120,3.5846
3121,2.72435
3122,2.55737
3123,3.32378
3124,3.54112
3125,3.83865
3126,3.76605
3127,3.6874
3128,3.19474
3129,2.44693
3130,3.28171
3131,4.09712
3132,3.91781
3133,4.00488
3134,2.93442
3135,3.5381
3136,3.63061
3137,3.74918
3138,3.42929
3139,2.70642
3140,4.12399
3141,3.90516
3142,3.79222
3143,3.74279
3144,3.43595
3145,2.75269
3146,2.80432
3147,3.68067
3148,3.05817
3149,3.9413
3150,3.11876
3151,3.29128
3152,3.29781
3153,3.65573
3154,3.94556
3155,3.49707
3156,3.61549
3157,3.7846
3158,3.30394
3159,3.65017
3160,4.37202
3161,3.62836
3162,3.80608
3163,3.11571
3164,2.92282
3165,3.55211
3166,3.5638
3167,3.79756
3168,3.07773
3169,2.77275
3170,3.42522
3171,3.72327
3172,3.83738
3173,2.43757
3174,3.37944
3175,3.33519
3176,3.60989
3177,2.80217
3178,3.77862
3179,2.5764
3180,3.5711
3181,3.77232
3182,3.64969
3183,3.15517
3184,3.40966
3185,4.07331
3186,3.93897
3187,3.71093
3188,2.15319
3189,3.54172
3190,4.17148
3191,3.75067
3192,4.17299
3193,4.01717
3194,2.78639
3195,3.38442
3196,2.95282
3197,3.48906
3198,3.70619
3199,4.01112
3200,3.41417
3201,2.61583
3202,4.08256
3203,4.10587
3204,3.28644
3205,3.61312
3206,3.3118
3207,3.93021
3208,2.99709
3209,4.36999
3210,3.10029
3211,3.94465
3212,3.78968
3213,3.70055
3214,3.08201
3215,3.98863
3216,2.90239
3217,3.8924
3218,3.6839
3219,4.11993
3220,3.60168
3221,3.9737
3222,3.72542
3223,2.73826
3224,2.80071
3225,2.82026
3226,4.10886
3227,3.40693
3228,3.49486
3229,2.95035
3230,3.89738
3231,3.35617
3232,3.57808
3233,3.85232
3234,3.83071
3235,3.47188
3236,3.64457
3237,3.64661
3238,3.66537
3239,3.24154
3240,2.89011
3241,3.95782
3242,3.53192
3243,3.7626
3244,4.1009
3245,2.74648
3246,3.30591
3247,3.90534
3248,3.99306
3249,3.06611
3250,4.05798
3251,3.69854
3252,3.35966
3253,2.91981
3254,3.48425
3255,3.18418
3256,2.17368
3257,4.10733
3258,3.71195
3259,3.15011
3260,3.91009
3261,3.06802
3262,3.86032
3263,3.23203
3264,2.85248
3265,3.43458
3266,3.74278
3267,4.00619
3268,3.2261
3269,3.52313
3270,3.60883
3271,3.92065
3272,3.06354
3273,3.52735
3274,4.06545
3275,3.96431
3276,4.16088
3277,3.15364
3278,3.64292
3279,2.92896
3280,3.97697
3281,3.21912
3282,3.4332
3283,2.37146
3284,3.18273
3285,3.22164
3286,4.07203
3287,4.12503
3288,3.07796
3289,4.32873
3290,3.84135
3291,3.00467
3292,3.28136
3293,3.44991
3294,3.82744
3295,4.09174
3296,3.97485
3297,3.38517
3298,4.25814
3299,4.05322
3300,3.76913
3301,3.72317
3302,3.57469
3303,3.96021
3304,3.73682
3305,3.60299
3306,2.25019
3307,3.85522
3308,2.21134
3309,3.48163
3310,4.03608
3311,3.82673
3312,3.59694
3313,3.73936
3314,4.00519
3315,3.80375
3316,3.97567
3317,3.71564
3318,3.39214
3319,3.77067
3320,2.46329
3321,3.19028
3322,2.43985
3323,4.17463
3324,4.05552
3325,2.83465
3326,3.39717
3327,2.66546
3328,4.02819
3329,3.58126
3330,3.88967
3331,3.24694
3332,2.7997
3333,3.29956
3334,3.83373
3335,3.80695
3336,2.37314
3337,1.83956
3338,3.68508
3339,3.08971
3340,2.18678
3341,3.54335
3342,4.06706
3343,3.2306
3344,2.86848
3345,3.75307
3346,3.61892
3347,3.52677
3348,3.24439
3349,4.17784
3350,3.86274
3351,3.68819
3352,3.79106
3353,3.84871
3354,2.61569
3355,3.6321
3356,3.9482
3357,3.90689
3358,3.75554
3359,2.90071
3360,2.97436
3361,3.1112
3362,3.02262
3363,3.6273
3364,3.99686
3365,3.77384
3366,3.43404
3367,2.72129
3368,2.2087
3369,3.47231
3370,2.60289
3371,3.83649
3372,3.64508
3373,3.79269
3374,3.86682
3375,3.10197
3376,3.98187
3377,3.31151
3378,3.7944
3379,3.7088
3380,3.47767
3381,3.57756
3382,3.61677
3383,4.00912
3384,3.63283
3385,4.06821
3386,3.74458
3387,4.14418
3388,4.28135
3389,2.56915
3390,3.25856
3391,2.52708
3392,3.21355
3393,4.21871
3394,4.03244
3395,2.92791
3396,2.65368
3397,3.09928
3398,3.01554
3399,3.53784
3400,3.72331
3401,4.22036
3402,2.97187
3403,3.75452
3404,3.95314
3405,3.66549
3406,4.20869
3407,3.7212
3408,3.10874
3409,3.8667
3410,3.83111
3411,3.64484
3412,3.10662
3413,3.65537
3414,2.69826
3415,3.08429
3416,3.56129
3417,3.0542
3418,3.22349
3419,3.54137
3420,3.37877
3421,2.65756
3422,4.18722
3423,2.46218
3424,4.08962
3425,3.67183
3426,2.48244
3427,3.68848
3428,3.30681
3429,3.47231
3430,3.29426
3431,4.06928
3432,3.42316
3433,3.50784
3434,4.31603
3435,3.45587
3436,3.91872
3437,3.61087
3438,3.90241
3439,3.65195
3440,4.19337
3441,3.2958
3442,3.48688
3443,3.6349
3444,3.86613
3445,3.98985
3446,3.68637
3447,4.26746
3448,3.68031
3449,3.88169
3450,3.77787
3451,3.95164
3452,2.49867
3453,3.68187
3454,4.21808
3455,2.91274
3456,3.23302
3457,3.65418
3458,3.6648
3459,3.9959
3460,3.37173
3461,3.84325
3462,2.91859
3463,3.66209
3464,3.24089
3465,3.78415
3466,3.92021
3467,4.32643
3468,3.65657
3469,3.61666
3470,3.82876
3471,3.85567
3472,2.99021
3473,3.9495
3474,3.01806
3475,3.32238
3476,2.27152
3477,3.56485
3478,3.7241
3479,3.10948
3480,2.96696
3481,2.99832
3482,4.21618
3483,3.11671
3484,3.85808
3485,3.58362
3486,3.30828
3487,3.92039
3488,3.21476
3489,3.636
3490,4.25141
3491,3.71106
3492,3.37476
3493,3.37927
3494,4.19946
3495,4.1153
3496,3.64726
3497,3.88206
3498,3.74509
3499,3.58947
3500,4.19611
3501,3.45528
3502,3.69569
3503,3.02686
3504,3.61874
3505,3.21475
3506,3.45455
3507,3.15181
3508,3.91578
3509,4.06046
3510,3.49394
3511,3.07594
3512,3.16606
3513,3.79114
3514,3.07044
3515,3.61821
3516,3.99326
3517,3.74463
3518,3.36042
3519,3.46109
3520,4.1475
3521,2.71056
3522,3.56014
3523,3.6708
3524,3.72705
3525,3.68523
3526,4.26294
3527,3.54044
3528,3.52141
3529,3.79376
3530,3.52107
3531,4.06183
3532,2.64393
3533,2.8474
3534,3.67445
3535,3.59179
3536,3.12403
3537,3.31087
3538,3.82901
3539,3.5981
3540,3.5836
3541,2.67311
3542,4.0371
3543,3.33752
3544,3.64775
3545,4.21261
3546,2.12947
3547,3.95902
3548,3.94179
3549,1.88451
3550,2.63398
3551,2.79923
3552,3.7544
3553,4.14796
3554,3.72694
3555,3.88097
3556,3.56909
3557,2.8993
3558,3.38892
3559,3.20979
3560,3.44615
3561,3.95791
3562,3.52642
3563,3.15261
3564,4.04919
3565,2.71149
3566,2.29
3567,3.13047
3568,3.89755
3569,3.20864
3570,2.97371
3571,3.98164
3572,3.84819
3573,2.53744
3574,3.90489
3575,2.63661
3576,3.61231
3577,3.01264
3578,2.89974
3579,3.50426
3580,2.02375
3581,4.11927
3582,4.13041
3583,2.84455
3584,3.16707
3585,3.6224
3586,3.37686
3587,3.30479
3588,3.08388
3589,3.85907
3590,4.1957
3591,3.85711
3592,3.8659
3593,3.63501
3594,3.30962
3595,2.68895
3596,3.45723
3597,3.9933
3598,3.57707
3599,3.57659
3600,3.97893
3601,3.55702
3602,3.3608
3603,4.08342
3604,3.2601
3605,3.24588
3606,4.26528
3607,3.5506
3608,3.26416
3609,3.667
3610,2.97744
3611,3.43716
3612,3.552
3613,3.7167
3614,4.15757
3615,3.36087
3616,3.25315
3617,4.17315
3618,3.08641
3619,3.83776
3620,2.54107
3621,3.2985
3622,3.71411
3623,2.71562
3624,3.69608
3625,3.75181
3626,3.81115
3627,3.15475
3628,2.99684
3629,2.59932
3630,4.03914
3631,2.92348
3632,4.00856
3633,3.38197
3634,1.95175
3635,2.44922
3636,2.92072
3637,3.71548
3638,3.33367
3639,4.19016
3640,3.25867
3641,3.2267
3642,3.75791
3643,3.42498
3644,3.77934
3645,3.75852
3646,3.67336
3647,2.96002
3648,3.24489
3649,2.99964
3650,3.46135
3651,4.01902
3652,3.26731
3653,3.5096
3654,4.07173
3655,3.71976
3656,3.12063
3657,3.6935
3658,4.16725
3659,2.83744
3660,4.23707
3661,3.94575
3662,3.54496
3663,3.50003
3664,3.47608
3665,2.77027
3666,3.38057
3667,3.93801
3668,3.63912
3669,3.53506
3670,3.13072
3671,3.99796
3672,3.27068
3673,3.96003
3674,2.39263
3675,4.1237
3676,3.68346
3677,3.83698
3678,2.39319
3679,2.8194
3680,3.82434
3681,2.96731
3682,3.5947
3683,2.92926
3684,3.57888
3685,3.73829
3686,3.22528
3687,3.45045
3688,4.45916
3689,2.88478
3690,2.73943
3691,4.09092
3692,4.0992
3693,3.59736
3694,3.174
3695,3.99819
3696,2.97083
3697,3.44665
3698,3.43727
3699,3.92398
3700,3.54067
3701,4.27142
3702,3.00176
3703,3.92446
3704,3.50822
3705,3.73327
3706,3.11568
3707,2.62048
3708,4.11722
3709,2.68618
3710,3.0551
3711,4.03475
3712,3.23476
3713,3.28788
3714,3.15449
3715,2.65663
3716,2.96397
3717,3.4779
3718,3.26622
3719,4.19207
3720,3.39065
3721,3.08561
3722,2.90627
3723,3.32444
3724,3.51787
3725,3.12451
3726,3.0943
3727,3.37108
3728,2.95695
3729,2.72449
3730,2.84548
3731,4.14511
3732,3.87557
3733,3.40675
3734,3.48232
3735,3.46254
3736,3.35194
3737,2.44974
3738,3.70484
3739,3.64677
3740,3.92965
3741,1.92554
3742,3.25237
3743,3.3242
3744,3.53394
3745,3.68193
3746,3.24288
3747,3.63689
3748,3.30625
3749,2.62968
3750,4.15663
3751,3.88336
3752,2.97579
3753,3.95423
3754,3.68657
3755,2.95976
3756,3.25301
3757,2.80156
3758,3.78326
3759,3.32539
3760,3.83454
3761,2.3711
3762,3.56419
3763,3.8267
3764,3.52436
3765,2.75431
3766,3.0745
3767,3.89072
3768,2.32281
3769,3.40331
3770,2.3509
3771,3.01891
3772,3.51321
3773,2.96461
3774,3.64783
3775,3.40784
3776,2.85828
3777,3.66502
3778,4.16529
3779,3.64305
3780,3.66176
3781,3.52462
3782,3.52433
3783,3.5003
3784,3.90359
3785,2.93
3786,3.78754
3787,3.4847
3788,3.20743
3789,3.21774
3790,3.94918
3791,3.71852
3792,3.69132
3793,4.20078
3794,3.64698
3795,3.40002
3796,3.53887
3797,4.09225
3798,3.83928
3799,3.7978
3800,3.89127
3801,3.08072
3802,3.19428
3803,3.89626
3804,2.85226
3805,3.20899
3806,3.42375
3807,3.78712
3808,3.61135
3809,3.83252
3810,3.6024
3811,3.501
3812,2.95035
3813,3.22516
3814,2.76308
3815,2.53795
3816,3.61028
3817,2.27327
3818,3.49359
3819,4.0066
3820,3.29436
3821,3.75159
3822,3.69402
3823,3.13975
3824,3.64148
3825,3.78796
3826,2.80423
3827,3.56648
3828,3.41252
3829,3.59362
3830,3.62611
3831,3.07205
3832,3.31872
3833,3.1118
3834,3.6247
3835,3.45209
3836,3.74194
3837,2.94072
3838,3.8113
3839,3.84358
3840,2.61303
3841,3.25184
3842,3.4363
3843,2.6805
3844,3.43386
3845,3.1901
3846,3.5871
3847,3.17335
3848,3.38393
3849,3.55064
3850,3.99236
3851,3.37283
3852,2.74236
3853,3.89523
3854,3.8039
3855,4.32638
3856,3.97169
3857,3.2833
3858,3.83367
3859,3.51568
3860,3.49639
3861,2.87934
3862,3.00836
3863,3.71101
3864,4.19753
3865,3.64813
3866,4.17685
3867,3.68665
3868,3.82822
3869,2.60054
3870,3.95471
3871,3.58153
3872,3.23777
3873,3.19479
3874,3.65323
3875,3.62488
3876,3.54689
3877,2.8916
3878,3.25746
3879,2.7139
3880,2.96448
3881,2.43583
3882,3.35471
3883,3.32099
3884,3.51342
3885,2.89165
3886,4.0971
3887,3.14007
3888,3.72945
3889,3.4094
3890,4.05679
3891,3.70263
3892,3.94753
3893,2.17543
3894,3.38744
3895,3.46859
3896,4.0757
3897,4.03618
3898,3.40132
3899,3.52018
3900,3.40733
3901,3.44542
3902,3.09673
3903,3.73889
3904,3.55024
3905,3.71675
3906,3.47922
3907,3.991
3908,3.49233
3909,3.13376
3910,3.32789
3911,3.83375
3912,3.32537
3913,4.02303
3914,2.7189
3915,3.25002
3916,3.27775
3917,3.82288
3918,4.07902
3919,3.09939
3920,4.08359
3921,4.02827
3922,3.31386
3923,3.33443
3924,3.44817
3925,3.68565
3926,3.24031
3927,3.78323
3928,4.27865
3929,3.46386
3930,3.362
3931,3.10351
3932,3.99081
3933,3.76433
3934,3.85667
3935,2.5131
3936,3.68393
3937,3.62311
3938,3.70143
3939,4.2555
3940,3.90094
3941,3.38504
3942,3.66441
3943,3.70337
3944,3.04142
3945,3.73969
3946,3.52252
3947,3.0454
3948,3.9405
3949,3.23224
3950,3.6119
3951,2.34304
3952,3.81544
3953,3.68721
3954,3.22983
3955,3.51381
3956,3.00982
3957,3.12904
3958,3.9635
3959,3.90533
3960,3.11696
3961,4.09615
3962,3.81781
3963,4.26148
3964,3.87737
3965,3.46556
3966,3.16767
3967,3.39972
3968,2.62421
3969,3.6087
3970,2.6934
3971,3.96758
3972,3.56012
3973,4.13879
3974,3.7447
3975,3.25686
3976,3.17917
3977,2.89653
3978,4.29889
3979,3.65921
3980,3.61249
3981,2.56627
3982,3.70371
3983,3.33749
3984,3.88911
3985,3.48685
3986,2.96885
3987,3.80659
3988,2.56481
3989,4.1808
3990,3.8445
3991,3.84578
3992,3.48842
3993,4.04955
3994,4.15557
3995,3.36653
3996,3.41919
3997,3.05977
3998,3.46578
3999,3.57022
4000,4.09863
4001,3.99412
4002,3.97947
4003,3.20581
4004,4.00318
4005,3.45286
4006,2.80488
4007,3.43115
4008,3.20817
4009,3.0791
4010,3.56817
4011,4.26553
4012,3.89356
4013,3.58166
4014,3.46392
4015,3.39839
4016,3.0331
4017,3.70026
4018,3.86181
4019,2.72009
4020,3.18401
4021,3.64733
4022,3.60147
4023,3.57159
4024,3.65143
4025,3.92094
4026,4.04187
4027,3.43913
4028,3.98402
4029,2.7251
4030,3.9624
4031,3.83927
4032,3.70339
4033,3.27671
4034,3.79843
4035,3.6644
4036,3.9713
4037,2.6188
4038,3.57499
4039,3.78122
4040,4.10249
4041,4.15854
4042,3.55759
4043,2.93878
4044,4.22138
4045,3.9757
4046,3.40326
4047,3.04872
4048,3.77544
4049,3.99665
4050,3.44862
4051,3.40751
4052,3.81472
4053,2.71193
4054,3.52977
4055,3.06356
4056,3.88523
4057,2.08866
4058,3.70053
4059,3.04657
4060,4.11154
4061,3.69582
4062,3.52781
4063,3.46273
4064,2.30714
4065,3.89179
4066,3.22076
4067,2.93238
4068,3.54827
4069,3.82585
4070,3.67909
4071,2.40951
4072,3.94374
4073,3.36737
4074,3.52955
4075,2.99615
4076,2.81875
4077,3.78286
4078,3.88186
4079,3.34038
4080,3.1709
4081,3.01859
4082,3.26408
4083,3.31847
4084,3.92246
4085,3.46969
4086,3.57787
4087,3.98676
4088,3.68152
4089,3.93155
4090,3.30898
4091,3.13295
4092,3.92767
4093,2.3975
4094,4.06098
4095,3.25286
4096,3.57495
4097,3.60536
4098,3.31098
4099,3.85584
4100,2.64558
4101,3.72743
4102,3.52876
4103,3.62879
4104,3.89057
4105,3.57866
4106,3.80583
4107,4.05273
4108,4.05481
4109,3.24942
4110,4.07392
4111,3.65021
4112,3.30181
4113,4.06224
4114,3.52968
4115,3.44558
4116,3.99541
4117,4.07119
4118,3.78015
4119,3.35711
4120,3.99913
4121,3.01832
4122,2.71902
4123,3.59357
4124,3.91949
4125,3.23651
4126,3.71243
4127,3.99105
4128,3.47315
4129,2.58805
4130,3.30224
4131,3.57202
4132,2.85163
4133,3.64415
4134,3.68279
4135,3.80117
4136,4.10857
4137,3.63658
4138,3.42157
4139,3.64309
4140,3.7023
4141,4.03837
4142,2.54965
4143,2.93858
4144,3.6823
4145,4.15278
4146,3.92323
4147,3.52637
4148,3.59991
4149,3.27316
4150,3.08182
4151,2.40592
4152,3.45047
4153,3.27845
4154,3.68671
4155,3.17789
4156,4.05116
4157,3.52317
4158,3.10509
4159,4.07428
4160,3.9487
4161,2.91784
4162,3.70278
4163,3.99912
4164,3.29984
4165,3.25057
4166,3.52706
4167,3.05025
4168,3.06046
4169,3.70009
4170,3.59043
4171,2.98049
4172,2.67288
4173,3.34462
4174,3.09399
4175,2.74966
4176,3.53103
4177,3.38083
4178,3.01282
4179,2.25328
4180,2.60322
4181,3.60099
4182,3.7286
4183,3.4762
4184,3.5345
4185,3.36798
4186,3.8512
4187,3.83983
4188,3.48792
4189,2.94709
4190,3.6531
4191,4.00492
4192,3.28953
4193,3.44004
4194,4.06263
4195,2.44604
4196,3.30215
4197,2.64084
4198,2.6955
4199,3.98479
4200,3.47232
4201,3.1479
4202,3.60852
4203,4.08206
4204,3.82771
4205,3.86062
4206,2.44801
4207,3.58315
4208,3.68462
4209,4.16672
4210,3.92481
4211,3.8382
4212,3.15287
4213,3.19196
4214,3.19282
4215,2.71467
4216,3.74568
4217,3.80948
4218,2.7281
4219,3.28428
4220,2.62743
4221,3.84408
4222,4.07396
4223,3.71198
4224,4.1359
4225,3.6619
4226,3.71366
4227,2.35684
4228,3.84258
4229,3.85888
4230,3.26792
4231,3.49798
4232,3.61753
4233,3.63652
4234,3.85174
4235,4.00056
4236,2.79199
4237,2.75437
4238,3.66847
4239,2.87508
4240,3.90638
4241,2.24909
4242,3.85054
4243,3.69404
4244,2.99861
4245,3.58638
4246,3.67019
4247,3.47817
4248,3.94983
4249,3.9065
4250,3.79975
4251,3.25469
4252,2.61982
4253,3.37002
4254,3.75523
4255,3.24625
4256,3.66315
4257,3.184
4258,3.70277
4259,3.55611
4260,3.89131
4261,3.83734
4262,3.59463
4263,3.83212
4264,3.41788
4265,3.75571
4266,4.16037
4267,3.57581
4268,3.25522
4269,3.90666
4270,3.68471
4271,3.67149
4272,3.17324
4273,3.41432
4274,2.86938
4275,3.22428
4276,3.7607
4277,4.16453
4278,2.69789
4279,4.13301
4280,2.53009
4281,3.49192
4282,3.59485
4283,3.40814
4284,3.33146
4285,3.72809
4286,3.71913
4287,3.87486
4288,3.76097
4289,2.94742
4290,4.30306
4291,2.31542
4292,3.27251
4293,3.87504
4294,3.1771
4295,3.84071
4296,3.31675
4297,2.7166
4298,2.85553
4299,3.78793
4300,3.85335
4301,3.14223
4302,3.44641
4303,2.65675
4304,3.66487
4305,4.122
4306,4.01526
4307,3.80349
4308,2.90789
4309,3.22337
4310,3.94928
4311,2.36366
4312,3.16206
4313,4.07029
4314,3.38737
4315,2.64176
4316,2.73206
4317,3.13257
4318,3.58659
4319,3.87975
4320,3.78253
4321,3.97875
4322,3.40876
4323,2.88118
4324,3.94937
4325,3.7346
4326,3.7879
4327,3.24142
4328,3.69814
4329,3.28148
4330,3.37646
4331,3.30135
4332,3.75995
4333,4.04997
4334,3.82289
4335,4.29685
4336,3.48186
4337,3.82322
4338,3.65905
4339,3.48913
4340,3.45504
4341,3.78589
4342,3.6745
4343,2.82314
4344,3.50417
4345,3.61609
4346,3.56136
4347,3.84964
4348,3.57479
4349,3.91815
4350,3.35673
4351,3.67805
4352,3.51881
4353,3.90207
4354,4.25862
4355,3.7614
4356,3.25363
4357,2.91316
4358,3.21599
4359,3.98241
4360,3.7957
4361,3.4311
4362,4.13926
4363,3.22297
4364,3.75892
4365,3.37145
4366,4.04291
4367,3.05472
4368,3.95476
4369,4.21433
4370,3.54949
4371,3.71883
4372,2.94418
4373,4.19135
4374,3.83181
4375,3.24801
4376,2.14697
4377,4.13241
4378,3.87814
4379,3.69532
4380,3.43988
4381,4.37194
4382,3.50811
4383,3.78981
4384,3.14246
4385,3.33408
4386,3.78037
4387,3.65409
4388,3.66045
4389,2.90857
4390,3.56493
4391,2.25532
4392,4.03489
4393,3.70534
4394,3.46078
4395,3.39192
4396,3.53348
4397,3.87914
4398,3.52939
4399,3.17874
4400,3.73773
4401,2.79399
4402,2.75559
4403,2.93565
4404,3.72454
4405,3.82625
4406,3.80067
4407,3.77218
4408,2.77802
4409,3.72967
4410,3.58359
4411,2.96892
4412,3.03129
4413,2.84342
4414,3.1197
4415,3.19096
4416,3.90389
4417,3.76768
4418,3.83958
4419,3.27203
4420,3.66738
4421,2.69015
4422,3.30979
4423,3.62032
4424,3.46859
4425,3.85176
4426,3.23216
4427,3.91146
4428,4.09486
4429,3.08141
4430,3.84058
4431,3.68836
4432,3.68054
4433,3.40872
4434,3.8403
4435,3.0913
4436,4.1967
4437,3.84098
4438,1.77181
4439,3.77205
4440,3.3572
4441,3.83201
4442,4.23524
4443,3.27178
4444,3.50207
4445,3.69781
4446,3.23129
4447,3.56914
4448,3.19451
4449,3.06865
4450,2.89878
4451,4.15217
4452,3.5477
4453,3.42297
4454,4.17561
4455,3.95607
4456,3.67742
4457,3.03139
4458,3.12636
4459,3.37967
4460,3.47481
4461,3.37488
4462,2.87984
4463,3.49164
4464,3.61292
4465,3.80001
4466,2.93159
4467,3.83959
4468,3.44465
4469,3.42306
4470,2.76121
4471,3.65776
4472,3.76473
4473,3.40969
4474,3.8343
4475,3.49831
4476,3.57021
4477,3.42996
4478,3.36504
4479,3.54881
4480,2.7046
4481,2.82882
4482,2.40408
4483,3.91807
4484,3.32089
4485,3.31188
4486,3.74563
4487,3.85592
4488,4.00092
4489,3.46221
4490,3.00861
4491,3.60395
4492,3.44846
4493,3.4694
4494,2.89116
4495,3.44443
4496,3.46682
4497,3.48365
4498,3.49513
4499,3.08338
4500,3.17791
4501,3.4325
4502,3.14073
4503,2.93016
4504,3.00403
4505,4.08211
4506,3.363
4507,3.62395
4508,3.69827
4509,3.69965
4510,3.70531
4511,3.88122
4512,4.04846
4513,3.95199
4514,3.15929
4515,3.94947
4516,4.12506
4517,2.96804
4518,3.13654
4519,2.97326
4520,3.63141
4521,3.64631
4522,3.21777
4523,4.05856
4524,3.77466
4525,3.80597
4526,3.00039
4527,3.33851
4528,3.35774
4529,3.15687
4530,3.87602
4531,3.38233
4532,3.70645
4533,3.11146
4534,3.8498
4535,2.33557
4536,3.08482
4537,3.00402
4538,3.78482
4539,2.36704
4540,4.32521
4541,3.54865
4542,3.77384
4543,3.963
4544,3.53591
4545,3.83338
4546,3.65218
4547,3.40094
4548,3.61841
4549,2.89756
4550,3.46632
4551,3.9981
4552,3.53284
4553,3.86019
4554,3.61284
4555,3.69322
4556,3.71737
4557,1.99517
4558,3.71227
4559,3.46018
4560,3.9958
4561,2.95974
4562,3.80876
4563,4.03512
4564,3.35875
4565,3.69205
4566,2.8234
4567,3.74407
4568,3.3533
4569,3.6965
4570,3.77406
4571,3.11416
4572,2.62532
4573,3.72418
4574,3.96168
4575,3.41654
4576,2.10506
4577,3.90165
4578,3.3681
4579,2.83786
4580,3.85346
4581,3.00769
4582,3.92431
4583,3.79324
4584,3.52297
4585,3.7942
4586,3.95924
4587,2.67566
4588,3.91584
4589,3.67184
4590,3.80928
4591,3.13125
4592,4.05332
4593,3.63158
4594,1.98541
4595,3.89641
4596,3.15643
4597,2.79811
4598,2.99694
4599,3.15608
4600,3.43086
4601,3.73319
4602,3.88778
4603,4.16812
4604,3.58543
4605,3.47229
4606,4.06879
4607,2.81077
4608,3.95559
4609,3.50358
4610,3.81577
4611,3.7032
4612,3.9377
4613,4.25178
4614,3.88094
4615,3.54923
4616,3.78048
4617,3.23244
4618,3.22817
4619,3.67179
4620,3.89533
4621,3.38359
4622,3.88829
4623,3.45835
4624,3.18688
4625,3.33424
4626,3.56205
4627,3.12904
4628,2.8902
4629,4.03282
4630,3.96108
4631,4.00983
4632,3.73472
4633,3.46819
4634,3.23224
4635,3.93953
4636,3.46446
4637,3.91488
4638,3.63178
4639,3.19709
4640,3.60496
4641,3.67351
4642,4.04757
4643,4.26658
4644,2.02883
4645,3.52215
4646,3.5487
4647,3.14332
4648,3.25516
4649,3.65147
4650,2.72353
4651,3.29677
4652,3.95085
4653,3.58688
4654,3.42146
4655,3.79636
4656,2.39686
4657,3.63497
4658,3.34077
4659,3.56722
4660,4.06615
4661,2.94631
4662,3.68368
4663,3.58109
4664,3.44898
4665,3.05774
4666,3.66865
4667,3.87671
4668,2.67967
4669,2.00204
4670,3.76052
4671,3.76068
4672,3.00846
4673,3.90331
4674,4.02223
4675,3.70602
4676,2.99753
4677,3.16557
4678,3.87269
4679,3.10635
4680,2.51443
4681,3.75533
4682,3.40154
4683,4.21638
4684,3.92897
4685,3.64209
4686,3.92001
4687,4.13074
4688,3.99003
4689,3.67252
4690,3.35399
4691,3.36517
4692,3.4689
4693,4.07954
4694,3.77399
4695,4.21757
4696,3.82412
4697,2.77316
4698,3.43262
4699,3.86028
4700,2.24021
4701,4.12886
4702,3.38505
4703,3.00555
4704,4.44907
4705,3.27133
4706,3.63064
4707,3.05618
4708,3.44313
4709,3.48983
4710,4.06731
4711,3.9401
4712,3.61439
4713,2.30893
4714,3.44605
4715,3.71005
4716,2.69767
4717,3.74182
4718,3.41773
4719,3.8585
4720,3.18577
4721,3.64806
4722,3.48659
4723,3.67129
4724,4.01039
4725,3.77373
4726,3.76306
4727,3.94248
4728,3.44544
4729,2.992
4730,3.85803
4731,3.54088
4732,2.83546
4733,3.97143
4734,3.34089
4735,3.02556
4736,4.1311
4737,3.7537
4738,3.55314
4739,3.33102
4740,3.00913
4741,3.33161
4742,2.93272
4743,3.82297
4744,3.59953
4745,3.66014
4746,3.83978
4747,3.0969
4748,3.81968
4749,3.65274
4750,3.46527
4751,3.79052
4752,3.79646
4753,2.99619
4754,3.5708
4755,3.43457
4756,3.65537
4757,4.02793
4758,2.77542
4759,3.81296
4760,3.62423
4761,3.49238
4762,3.81928
4763,3.73753
4764,3.2438
4765,3.02929
4766,3.92213
4767,3.32095
4768,2.97747
4769,3.32703
4770,3.83932
4771,3.41285
4772,2.33846
4773,3.49305
4774,3.45935
4775,2.80321
4776,3.1894
4777,3.97055
4778,3.56029
4779,2.90261
4780,4.13276
4781,3.80502
4782,3.49433
4783,3.71836
4784,2.83233
4785,4.18766
4786,4.09045
4787,3.00601
4788,3.52678
4789,3.31257
4790,3.66655
4791,3.97498
4792,4.08092
4793,3.99943
4794,3.97148
4795,3.65868
4796,3.73427
4797,3.89507
4798,2.83895
4799,3.56948
4800,2.73693
4801,3.14454
4802,3.60511
4803,3.74889
4804,4.44946
4805,3.00395
4806,3.23842
4807,3.15064
4808,4.08288
4809,3.08046
4810,3.87121
4811,3.63104
4812,3.7246
4813,2.96411
4814,3.51897
4815,3.58311
4816,3.13918
4817,3.46444
4818,1.9951
4819,3.53673
4820,4.09499
4821,3.77929
4822,3.02561
4823,3.42592
4824,3.77699
4825,3.674
4826,3.52084
4827,3.50765
4828,3.58999
4829,3.09304
4830,3.42607
4831,3.65487
4832,3.75839
4833,3.74063
4834,3.50037
4835,3.21767
4836,2.9006
4837,3.3467
4838,3.6109
4839,2.29779
4840,2.92792
4841,3.77784
4842,3.28379
4843,4.08244
4844,4.08239
4845,2.49962
4846,2.8454
4847,4.17818
4848,3.10816
4849,3.84989
4850,3.79256
4851,4.23733
4852,3.00854
4853,2.07075
4854,3.48347
4855,2.49832
4856,4.14021
4857,4.19397
4858,3.84086
4859,3.49988
4860,3.15185
4861,3.4031
4862,3.31016
4863,3.6348
4864,3.44341
4865,3.37256
4866,4.08815
4867,3.03642
4868,2.88727
4869,3.2066
4870,2.88878
4871,3.19403
4872,3.93007
4873,4.18236
4874,2.95325
4875,2.99153
4876,3.28925
4877,3.77121
4878,3.49377
4879,3.63699
4880,3.82275
4881,2.94238
4882,3.03707
4883,3.22493
4884,3.89405
4885,3.98793
4886,3.3889
4887,3.70994
4888,3.59427
4889,3.18477
4890,3.71961
4891,3.10443
4892,3.37642
4893,2.64428
4894,3.69554
4895,3.36696
4896,3.74694
4897,4.10985
4898,4.18274
4899,3.67113
4900,3.56954
4901,3.64045
4902,3.17733
4903,3.09873
4904,3.40155
4905,4.21032
4906,4.03804
4907,3.76307
4908,4.22856
4909,3.64613
4910,3.97184
4911,3.18988
4912,2.32846
4913,3.72977
4914,3.64934
4915,4.15861
4916,4.11206
4917,3.85933
4918,4.16706
4919,3.30964
4920,2.95824
4921,3.51897
4922,3.36924
4923,3.96056
4924,2.60736
4925,3.91711
4926,4.17523
4927,2.68939
4928,3.34194
4929,3.23888
4930,4.05586
4931,4.11295
4932,3.81008
4933,2.921
4934,3.53034
4935,3.02848
4936,2.73112
4937,3.24255
4938,3.62068
4939,3.90093
4940,3.35295
4941,3.03882
4942,3.96307
4943,3.86531
4944,3.5943
4945,3.51102
4946,4.11861
4947,3.4842
4948,3.79557
4949,3.38526
4950,3.27351
4951,3.2585
4952,3.69027
4953,3.21184
4954,3.47202
4955,3.63127
4956,4.06448
4957,4.28387
4958,3.75056
4959,3.92986
4960,3.35461
4961,3.53825
4962,4.14085
4963,3.22012
4964,2.88121
4965,2.99689
4966,2.88815
4967,3.90604
4968,3.36779
4969,3.74471
4970,3.18582
4971,2.59737
4972,3.90053
4973,2.86658
4974,3.60659
4975,3.96482
4976,3.74907
4977,3.07863
4978,3.69799
4979,3.98886
4980,3.89554
4981,2.72032
4982,2.9579
4983,4.13349
4984,3.45823
4985,3.5754
4986,3.77029
4987,3.28929
4988,2.49365
4989,3.50435
4990,3.06642
4991,3.68141
4992,3.07737
4993,2.61935
4994,3.5756
4995,3.65767
4996,2.73461
4997,3.09346
4998,4.37469
4999,3.77752
4999,3.77752
